1	4863.6	5191.2	6505.2	7026.2	8254.8	5317.2	5626.8	6310.8	7329.6	8679.6
2	4980.54193548387	5299.89677419355	6628.29677419355	7129.70322580645	8373.71612903226	5418.11612903226	5728.64516129032	6420.77419354839	7425.63870967742	8790.50322580645
3	5097.48387096774	5408.5935483871	6751.3935483871	7233.2064516129	8492.63225806452	5519.03225806452	5830.49032258065	6530.74838709677	7521.67741935484	8901.4064516129
4	5214.42580645161	5517.29032258064	6874.49032258064	7336.70967741935	8611.54838709677	5619.94838709677	5932.33548387097	6640.72258064516	7617.71612903226	9012.30967741935
5	5331.36774193548	5625.98709677419	6997.58709677419	7440.21290322581	8730.46451612903	5720.86451612903	6034.18064516129	6750.69677419355	7713.75483870968	9123.21290322581
6	5448.30967741935	5734.68387096774	7120.68387096774	7543.71612903226	8849.38064516129	5821.78064516129	6136.02580645161	6860.67096774194	7809.7935483871	9234.11612903226
7	5565.25161290323	5843.38064516129	7243.78064516129	7647.21935483871	8968.29677419355	5922.69677419355	6237.87096774194	6970.64516129032	7905.83225806452	9345.01935483871
8	5682.1935483871	5952.07741935484	7366.87741935484	7750.72258064516	9087.21290322581	6023.61290322581	6339.71612903226	7080.61935483871	8001.87096774194	9455.92258064516
9	5799.13548387097	6060.77419354839	7489.97419354839	7854.22580645161	9206.12903225806	6124.52903225806	6441.56129032258	7190.5935483871	8097.90967741935	9566.82580645161
10	5916.07741935484	6169.47096774194	7613.07096774194	7957.72903225806	9325.04516129032	6225.44516129032	6543.4064516129	7300.56774193548	8193.94838709677	9677.72903225806
11	6033.01935483871	6278.16774193548	7736.16774193548	8061.23225806452	9443.96129032258	6326.36129032258	6645.25161290323	7410.54193548387	8289.98709677419	9788.63225806452
12	6149.96129032258	6386.86451612903	7859.26451612903	8164.73548387097	9562.87741935484	6427.27741935484	6747.09677419355	7520.51612903226	8386.02580645161	9899.53548387097
13	6266.90322580645	6495.56129032258	7982.36129032258	8268.23870967742	9681.7935483871	6528.1935483871	6848.94193548387	7630.49032258064	8482.06451612903	10010.4387096774
14	6383.84516129032	6604.25806451613	8105.45806451613	8371.74193548387	9800.70967741935	6629.10967741935	6950.78709677419	7740.46451612903	8578.10322580645	10121.3419354839
15	6500.78709677419	6712.95483870968	8228.55483870968	8475.24516129032	9919.62580645161	6730.02580645161	7052.63225806452	7850.43870967742	8674.14193548387	10232.2451612903
16	6617.72903225806	6821.65161290323	8351.65161290323	8578.74838709677	10038.5419354839	6830.94193548387	7154.47741935484	7960.41290322581	8770.18064516129	10343.1483870968
17	6734.67096774193	6930.34838709677	8474.74838709677	8682.25161290322	10157.4580645161	6931.85806451613	7256.32258064516	8070.38709677419	8866.21935483871	10454.0516129032
18	6851.61290322581	7039.04516129032	8597.84516129032	8785.75483870968	10276.3741935484	7032.77419354839	7358.16774193548	8180.36129032258	8962.25806451613	10564.9548387097
19	6968.55483870968	7147.74193548387	8720.94193548387	8889.25806451613	10395.2903225806	7133.69032258065	7460.01290322581	8290.33548387097	9058.29677419355	10675.8580645161
20	7085.49677419355	7256.43870967742	8844.03870967742	8992.76129032258	10514.2064516129	7234.6064516129	7561.85806451613	8400.30967741935	9154.33548387097	10786.7612903226
21	7202.43870967742	7365.13548387097	8967.13548387097	9096.26451612903	10633.1225806452	7335.52258064516	7663.70322580645	8510.28387096774	9250.37419354839	10897.664516129
22	7319.38064516129	7473.83225806452	9090.23225806452	9199.76774193548	10752.0387096774	7436.43870967742	7765.54838709677	8620.25806451613	9346.41290322581	11008.5677419355
23	7436.32258064516	7582.52903225806	9213.32903225807	9303.27096774194	10870.9548387097	7537.35483870968	7867.3935483871	8730.23225806452	9442.45161290323	11119.4709677419
24	7553.26451612903	7691.22580645161	9336.42580645161	9406.77419354839	10989.8709677419	7638.27096774194	7969.23870967742	8840.2064516129	9538.49032258064	11230.3741935484
25	7670.2064516129	7799.92258064516	9459.52258064516	9510.27741935484	11108.7870967742	7739.18709677419	8071.08387096774	8950.18064516129	9634.52903225806	11341.2774193548
26	7787.14838709677	7908.61935483871	9582.61935483871	9613.78064516129	11227.7032258065	7840.10322580645	8172.92903225806	9060.15483870968	9730.56774193548	11452.1806451613
27	7904.09032258065	8017.31612903226	9705.71612903226	9717.28387096774	11346.6193548387	7941.01935483871	8274.77419354839	9170.12903225806	9826.6064516129	11563.0838709677
28	8021.03225806452	8126.01290322581	9828.81290322581	9820.78709677419	11465.535483871	8041.93548387097	8376.61935483871	9280.10322580645	9922.64516129032	11673.9870967742
29	8137.97419354839	8234.70967741935	9951.90967741935	9924.29032258064	11584.4516129032	8142.85161290323	8478.46451612903	9390.07741935484	10018.6838709677	11784.8903225806
30	8254.91612903226	8343.4064516129	10075.0064516129	10027.7935483871	11703.3677419355	8243.76774193548	8580.30967741935	9500.05161290323	10114.7225806452	11895.7935483871
31	8371.85806451613	8452.10322580645	10198.1032258065	10131.2967741935	11822.2838709677	8344.68387096774	8682.15483870968	9610.02580645161	10210.7612903226	12006.6967741935
32	8488.8	8560.8	10321.2	10234.8	11941.2	8445.6	8784	9720	10306.8	12117.6
33	8678.95714285714	8735.27142857143	10477.9285714286	10388.1857142857	12079.1571428571	8625.34285714286	8943.42857142857	9871.2	10467.5142857143	12268.9285714286
34	8869.11428571429	8909.74285714286	10634.6571428571	10541.5714285714	12217.1142857143	8805.08571428571	9102.85714285714	10022.4	10628.2285714286	12420.2571428571
35	9059.27142857143	9084.21428571428	10791.3857142857	10694.9571428571	12355.0714285714	8984.82857142857	9262.28571428571	10173.6	10788.9428571429	12571.5857142857
36	9249.42857142857	9258.68571428571	10948.1142857143	10848.3428571429	12493.0285714286	9164.57142857143	9421.71428571429	10324.8	10949.6571428571	12722.9142857143
37	9439.58571428571	9433.15714285714	11104.8428571429	11001.7285714286	12630.9857142857	9344.31428571429	9581.14285714286	10476	11110.3714285714	12874.2428571429
38	9629.74285714286	9607.62857142857	11261.5714285714	11155.1142857143	12768.9428571429	9524.05714285714	9740.57142857143	10627.2	11271.0857142857	13025.5714285714
39	9819.9	9782.1	11418.3	11308.5	12906.9	9703.8	9900	10778.4	11431.8	13176.9
40	10010.0571428571	9956.57142857143	11575.0285714286	11461.8857142857	13044.8571428571	9883.54285714286	10059.4285714286	10929.6	11592.5142857143	13328.2285714286
41	10200.2142857143	10131.0428571429	11731.7571428571	11615.2714285714	13182.8142857143	10063.2857142857	10218.8571428571	11080.8	11753.2285714286	13479.5571428571
42	10390.3714285714	10305.5142857143	11888.4857142857	11768.6571428571	13320.7714285714	10243.0285714286	10378.2857142857	11232	11913.9428571429	13630.8857142857
43	10580.5285714286	10479.9857142857	12045.2142857143	11922.0428571429	13458.7285714286	10422.7714285714	10537.7142857143	11383.2	12074.6571428571	13782.2142857143
44	10770.6857142857	10654.4571428571	12201.9428571429	12075.4285714286	13596.6857142857	10602.5142857143	10697.1428571429	11534.4	12235.3714285714	13933.5428571429
45	10960.8428571429	10828.9285714286	12358.6714285714	12228.8142857143	13734.6428571429	10782.2571428571	10856.5714285714	11685.6	12396.0857142857	14084.8714285714
46	11151	11003.4	12515.4	12382.2	13872.6	10962	11016	11836.8	12556.8	14236.2
47	11341.1571428571	11177.8714285714	12672.1285714286	12535.5857142857	14010.5571428571	11141.7428571429	11175.4285714286	11988	12717.5142857143	14387.5285714286
48	11531.3142857143	11352.3428571429	12828.8571428571	12688.9714285714	14148.5142857143	11321.4857142857	11334.8571428571	12139.2	12878.2285714286	14538.8571428571
49	11721.4714285714	11526.8142857143	12985.5857142857	12842.3571428571	14286.4714285714	11501.2285714286	11494.2857142857	12290.4	13038.9428571429	14690.1857142857
50	11911.6285714286	11701.2857142857	13142.3142857143	12995.7428571429	14424.4285714286	11680.9714285714	11653.7142857143	12441.6	13199.6571428571	14841.5142857143
51	12101.7857142857	11875.7571428571	13299.0428571429	13149.1285714286	14562.3857142857	11860.7142857143	11813.1428571429	12592.8	13360.3714285714	14992.8428571429
52	12291.9428571429	12050.2285714286	13455.7714285714	13302.5142857143	14700.3428571429	12040.4571428571	11972.5714285714	12744	13521.0857142857	15144.1714285714
53	12482.1	12224.7	13612.5	13455.9	14838.3	12220.2	12132	12895.2	13681.8	15295.5
54	12672.2571428571	12399.1714285714	13769.2285714286	13609.2857142857	14976.2571428571	12399.9428571429	12291.4285714286	13046.4	13842.5142857143	15446.8285714286
55	12862.4142857143	12573.6428571429	13925.9571428571	13762.6714285714	15114.2142857143	12579.6857142857	12450.8571428571	13197.6	14003.2285714286	15598.1571428571
56	13052.5714285714	12748.1142857143	14082.6857142857	13916.0571428571	15252.1714285714	12759.4285714286	12610.2857142857	13348.8	14163.9428571429	15749.4857142857
57	13242.7285714286	12922.5857142857	14239.4142857143	14069.4428571429	15390.1285714286	12939.1714285714	12769.7142857143	13500	14324.6571428571	15900.8142857143
58	13432.8857142857	13097.0571428571	14396.1428571429	14222.8285714286	15528.0857142857	13118.9142857143	12929.1428571429	13651.2	14485.3714285714	16052.1428571429
59	13623.0428571429	13271.5285714286	14552.8714285714	14376.2142857143	15666.0428571429	13298.6571428571	13088.5714285714	13802.4	14646.0857142857	16203.4714285714
60	13813.2	13446	14709.6	14529.6	15804	13478.4	13248	13953.6	14806.8	16354.8
61	13959.7548387097	13605.3290322581	14881.3548387097	14684.2838709677	15977.4967741935	13619.0322580645	13406.864516129	14123.6129032258	14962.8774193548	16509.6
62	14106.3096774194	13764.6580645161	15053.1096774194	14838.9677419355	16150.9935483871	13759.664516129	13565.7290322581	14293.6258064516	15118.9548387097	16664.4
63	14252.864516129	13923.9870967742	15224.864516129	14993.6516129032	16324.4903225806	13900.2967741935	13724.5935483871	14463.6387096774	15275.0322580645	16819.2
64	14399.4193548387	14083.3161290323	15396.6193548387	15148.335483871	16497.9870967742	14040.9290322581	13883.4580645161	14633.6516129032	15431.1096774194	16974
65	14545.9741935484	14242.6451612903	15568.3741935484	15303.0193548387	16671.4838709677	14181.5612903226	14042.3225806452	14803.664516129	15587.1870967742	17128.8
66	14692.5290322581	14401.9741935484	15740.1290322581	15457.7032258065	16844.9806451613	14322.1935483871	14201.1870967742	14973.6774193548	15743.264516129	17283.6
67	14839.0838709677	14561.3032258065	15911.8838709677	15612.3870967742	17018.4774193548	14462.8258064516	14360.0516129032	15143.6903225806	15899.3419354839	17438.4
68	14985.6387096774	14720.6322580645	16083.6387096774	15767.0709677419	17191.9741935484	14603.4580645161	14518.9161290323	15313.7032258065	16055.4193548387	17593.2
69	15132.1935483871	14879.9612903226	16255.3935483871	15921.7548387097	17365.4709677419	14744.0903225806	14677.7806451613	15483.7161290323	16211.4967741935	17748
70	15278.7483870968	15039.2903225806	16427.1483870968	16076.4387096774	17538.9677419355	14884.7225806452	14836.6451612903	15653.7290322581	16367.5741935484	17902.8
71	15425.3032258065	15198.6193548387	16598.9032258065	16231.1225806452	17712.464516129	15025.3548387097	14995.5096774194	15823.7419354839	16523.6516129032	18057.6
72	15571.8580645161	15357.9483870968	16770.6580645161	16385.8064516129	17885.9612903226	15165.9870967742	15154.3741935484	15993.7548387097	16679.7290322581	18212.4
73	15718.4129032258	15517.2774193548	16942.4129032258	16540.4903225806	18059.4580645161	15306.6193548387	15313.2387096774	16163.7677419355	16835.8064516129	18367.2
74	15864.9677419355	15676.6064516129	17114.1677419355	16695.1741935484	18232.9548387097	15447.2516129032	15472.1032258065	16333.7806451613	16991.8838709677	18522
75	16011.5225806452	15835.935483871	17285.9225806452	16849.8580645161	18406.4516129032	15587.8838709677	15630.9677419355	16503.7935483871	17147.9612903226	18676.8
76	16158.0774193548	15995.264516129	17457.6774193548	17004.5419354839	18579.9483870968	15728.5161290323	15789.8322580645	16673.8064516129	17304.0387096774	18831.6
77	16304.6322580645	16154.5935483871	17629.4322580645	17159.2258064516	18753.4451612903	15869.1483870968	15948.6967741935	16843.8193548387	17460.1161290323	18986.4
78	16451.1870967742	16313.9225806452	17801.1870967742	17313.9096774194	18926.9419354839	16009.7806451613	16107.5612903226	17013.8322580645	17616.1935483871	19141.2
79	16597.7419354839	16473.2516129032	17972.9419354839	17468.5935483871	19100.4387096774	16150.4129032258	16266.4258064516	17183.8451612903	17772.2709677419	19296
80	16744.2967741935	16632.5806451613	18144.6967741935	17623.2774193548	19273.935483871	16291.0451612903	16425.2903225806	17353.8580645161	17928.3483870968	19450.8
81	16890.8516129032	16791.9096774194	18316.4516129032	17777.9612903226	19447.4322580645	16431.6774193548	16584.1548387097	17523.8709677419	18084.4258064516	19605.6
82	17037.4064516129	16951.2387096774	18488.2064516129	17932.6451612903	19620.9290322581	16572.3096774194	16743.0193548387	17693.8838709677	18240.5032258065	19760.4
83	17183.9612903226	17110.5677419355	18659.9612903226	18087.3290322581	19794.4258064516	16712.9419354839	16901.8838709677	17863.8967741935	18396.5806451613	19915.2
84	17330.5161290323	17269.8967741935	18831.7161290323	18242.0129032258	19967.9225806452	16853.5741935484	17060.7483870968	18033.9096774194	18552.6580645161	20070
85	17477.0709677419	17429.2258064516	19003.4709677419	18396.6967741935	20141.4193548387	16994.2064516129	17219.6129032258	18203.9225806452	18708.735483871	20224.8
86	17623.6258064516	17588.5548387097	19175.2258064516	18551.3806451613	20314.9161290323	17134.8387096774	17378.4774193548	18373.935483871	18864.8129032258	20379.6
87	17770.1806451613	17747.8838709677	19346.9806451613	18706.064516129	20488.4129032258	17275.4709677419	17537.3419354839	18543.9483870968	19020.8903225806	20534.4
88	17916.735483871	17907.2129032258	19518.735483871	18860.7483870968	20661.9096774194	17416.1032258065	17696.2064516129	18713.9612903226	19176.9677419355	20689.2
89	18063.2903225806	18066.5419354839	19690.4903225806	19015.4322580645	20835.4064516129	17556.735483871	17855.0709677419	18883.9741935484	19333.0451612903	20844
90	18209.8451612903	18225.8709677419	19862.2451612903	19170.1161290323	21008.9032258065	17697.3677419355	18013.935483871	19053.9870967742	19489.1225806452	20998.8
91	18356.4	18385.2	20034	19324.8	21182.4	17838	18172.8	19224	19645.2	21153.6
92	18479.4	18496.08	20156.76	19449.36	21313.68	17948.52	18279.36	19329.24	19767.48	21282.6
93	18602.4	18606.96	20279.52	19573.92	21444.96	18059.04	18385.92	19434.48	19889.76	21411.6
94	18725.4	18717.84	20402.28	19698.48	21576.24	18169.56	18492.48	19539.72	20012.04	21540.6
95	18848.4	18828.72	20525.04	19823.04	21707.52	18280.08	18599.04	19644.96	20134.32	21669.6
96	18971.4	18939.6	20647.8	19947.6	21838.8	18390.6	18705.6	19750.2	20256.6	21798.6
97	19094.4	19050.48	20770.56	20072.16	21970.08	18501.12	18812.16	19855.44	20378.88	21927.6
98	19217.4	19161.36	20893.32	20196.72	22101.36	18611.64	18918.72	19960.68	20501.16	22056.6
99	19340.4	19272.24	21016.08	20321.28	22232.64	18722.16	19025.28	20065.92	20623.44	22185.6
100	19463.4	19383.12	21138.84	20445.84	22363.92	18832.68	19131.84	20171.16	20745.72	22314.6
101	19586.4	19494	21261.6	20570.4	22495.2	18943.2	19238.4	20276.4	20868	22443.6
102	19709.4	19604.88	21384.36	20694.96	22626.48	19053.72	19344.96	20381.64	20990.28	22572.6
103	19832.4	19715.76	21507.12	20819.52	22757.76	19164.24	19451.52	20486.88	21112.56	22701.6
104	19955.4	19826.64	21629.88	20944.08	22889.04	19274.76	19558.08	20592.12	21234.84	22830.6
105	20078.4	19937.52	21752.64	21068.64	23020.32	19385.28	19664.64	20697.36	21357.12	22959.6
106	20201.4	20048.4	21875.4	21193.2	23151.6	19495.8	19771.2	20802.6	21479.4	23088.6
107	20324.4	20159.28	21998.16	21317.76	23282.88	19606.32	19877.76	20907.84	21601.68	23217.6
108	20447.4	20270.16	22120.92	21442.32	23414.16	19716.84	19984.32	21013.08	21723.96	23346.6
109	20570.4	20381.04	22243.68	21566.88	23545.44	19827.36	20090.88	21118.32	21846.24	23475.6
110	20693.4	20491.92	22366.44	21691.44	23676.72	19937.88	20197.44	21223.56	21968.52	23604.6
111	20816.4	20602.8	22489.2	21816	23808	20048.4	20304	21328.8	22090.8	23733.6
112	20939.4	20713.68	22611.96	21940.56	23939.28	20158.92	20410.56	21434.04	22213.08	23862.6
113	21062.4	20824.56	22734.72	22065.12	24070.56	20269.44	20517.12	21539.28	22335.36	23991.6
114	21185.4	20935.44	22857.48	22189.68	24201.84	20379.96	20623.68	21644.52	22457.64	24120.6
115	21308.4	21046.32	22980.24	22314.24	24333.12	20490.48	20730.24	21749.76	22579.92	24249.6
116	21431.4	21157.2	23103	22438.8	24464.4	20601	20836.8	21855	22702.2	24378.6
117	21554.4	21268.08	23225.76	22563.36	24595.68	20711.52	20943.36	21960.24	22824.48	24507.6
118	21677.4	21378.96	23348.52	22687.92	24726.96	20822.04	21049.92	22065.48	22946.76	24636.6
119	21800.4	21489.84	23471.28	22812.48	24858.24	20932.56	21156.48	22170.72	23069.04	24765.6
120	21923.4	21600.72	23594.04	22937.04	24989.52	21043.08	21263.04	22275.96	23191.32	24894.6
121	22046.4	21711.6	23716.8	23061.6	25120.8	21153.6	21369.6	22381.2	23313.6	25023.6
122	22145.9225806452	21814.3741935484	23804.2451612903	23144.4	25195.7032258065	21247.3161290323	21476.9032258065	22474.8	23408.0129032258	25103.7290322581
123	22245.4451612903	21917.1483870968	23891.6903225806	23227.2	25270.6064516129	21341.0322580645	21584.2064516129	22568.4	23502.4258064516	25183.8580645161
124	22344.9677419355	22019.9225806452	23979.135483871	23310	25345.5096774194	21434.7483870968	21691.5096774194	22662	23596.8387096774	25263.9870967742
125	22444.4903225806	22122.6967741935	24066.5806451613	23392.8	25420.4129032258	21528.464516129	21798.8129032258	22755.6	23691.2516129032	25344.1161290323
126	22544.0129032258	22225.4709677419	24154.0258064516	23475.6	25495.3161290323	21622.1806451613	21906.1161290323	22849.2	23785.664516129	25424.2451612903
127	22643.535483871	22328.2451612903	24241.4709677419	23558.4	25570.2193548387	21715.8967741935	22013.4193548387	22942.8	23880.0774193548	25504.3741935484
128	22743.0580645161	22431.0193548387	24328.9161290323	23641.2	25645.1225806452	21809.6129032258	22120.7225806452	23036.4	23974.4903225806	25584.5032258064
129	22842.5806451613	22533.7935483871	24416.3612903226	23724	25720.0258064516	21903.3290322581	22228.0258064516	23130	24068.9032258065	25664.6322580645
130	22942.1032258065	22636.5677419355	24503.8064516129	23806.8	25794.9290322581	21997.0451612903	22335.3290322581	23223.6	24163.3161290323	25744.7612903226
131	23041.6258064516	22739.3419354839	24591.2516129032	23889.6	25869.8322580645	22090.7612903226	22442.6322580645	23317.2	24257.7290322581	25824.8903225806
132	23141.1483870968	22842.1161290323	24678.6967741935	23972.4	25944.735483871	22184.4774193548	22549.935483871	23410.8	24352.1419354839	25905.0193548387
133	23240.6709677419	22944.8903225806	24766.1419354839	24055.2	26019.6387096774	22278.1935483871	22657.2387096774	23504.4	24446.5548387097	25985.1483870968
134	23340.1935483871	23047.664516129	24853.5870967742	24138	26094.5419354839	22371.9096774194	22764.5419354839	23598	24540.9677419355	26065.2774193548
135	23439.7161290323	23150.4387096774	24941.0322580645	24220.8	26169.4451612903	22465.6258064516	22871.8451612903	23691.6	24635.3806451613	26145.4064516129
136	23539.2387096774	23253.2129032258	25028.4774193548	24303.6	26244.3483870968	22559.3419354839	22979.1483870968	23785.2	24729.7935483871	26225.535483871
137	23638.7612903226	23355.9870967742	25115.9225806452	24386.4	26319.2516129032	22653.0580645161	23086.4516129032	23878.8	24824.2064516129	26305.664516129
138	23738.2838709677	23458.7612903226	25203.3677419355	24469.2	26394.1548387097	22746.7741935484	23193.7548387097	23972.4	24918.6193548387	26385.7935483871
139	23837.8064516129	23561.535483871	25290.8129032258	24552	26469.0580645161	22840.4903225806	23301.0580645161	24066	25013.0322580645	26465.9225806452
140	23937.3290322581	23664.3096774194	25378.2580645161	24634.8	26543.9612903226	22934.2064516129	23408.3612903226	24159.6	25107.4451612903	26546.0516129032
141	24036.8516129032	23767.0838709677	25465.7032258065	24717.6	26618.864516129	23027.9225806452	23515.664516129	24253.2	25201.8580645161	26626.1806451613
142	24136.3741935484	23869.8580645161	25553.1483870968	24800.4	26693.7677419355	23121.6387096774	23622.9677419355	24346.8	25296.2709677419	26706.3096774194
143	24235.8967741935	23972.6322580645	25640.5935483871	24883.2	26768.6709677419	23215.3548387097	23730.2709677419	24440.4	25390.6838709677	26786.4387096774
144	24335.4193548387	24075.4064516129	25728.0387096774	24966	26843.5741935484	23309.0709677419	23837.5741935484	24534	25485.0967741935	26866.5677419355
145	24434.9419354839	24178.1806451613	25815.4838709677	25048.8	26918.4774193548	23402.7870967742	23944.8774193548	24627.6	25579.5096774194	26946.6967741935
146	24534.464516129	24280.9548387097	25902.9290322581	25131.6	26993.3806451613	23496.5032258064	24052.1806451613	24721.2	25673.9225806452	27026.8258064516
147	24633.9870967742	24383.7290322581	25990.3741935484	25214.4	27068.2838709677	23590.2193548387	24159.4838709677	24814.8	25768.335483871	27106.9548387097
148	24733.5096774194	24486.5032258064	26077.8193548387	25297.2	27143.1870967742	23683.935483871	24266.7870967742	24908.4	25862.7483870968	27187.0838709677
149	24833.0322580645	24589.2774193548	26165.264516129	25380	27218.0903225806	23777.6516129032	24374.0903225806	25002	25957.1612903226	27267.2129032258
150	24932.5548387097	24692.0516129032	26252.7096774194	25462.8	27292.9935483871	23871.3677419355	24481.3935483871	25095.6	26051.5741935484	27347.3419354839
151	25032.0774193548	24794.8258064516	26340.1548387097	25545.6	27367.8967741935	23965.0838709677	24588.6967741935	25189.2	26145.9870967742	27427.4709677419
152	25131.6	24897.6	26427.6	25628.4	27442.8	24058.8	24696	25282.8	26240.4	27507.6
153	25138.68	24906.48	26436.36	25654.44	27467.88	24072.12	24719.28	25298.52	26260.32	27515.88
154	25145.76	24915.36	26445.12	25680.48	27492.96	24085.44	24742.56	25314.24	26280.24	27524.16
155	25152.84	24924.24	26453.88	25706.52	27518.04	24098.76	24765.84	25329.96	26300.16	27532.44
156	25159.92	24933.12	26462.64	25732.56	27543.12	24112.08	24789.12	25345.68	26320.08	27540.72
157	25167	24942	26471.4	25758.6	27568.2	24125.4	24812.4	25361.4	26340	27549
158	25174.08	24950.88	26480.16	25784.64	27593.28	24138.72	24835.68	25377.12	26359.92	27557.28
159	25181.16	24959.76	26488.92	25810.68	27618.36	24152.04	24858.96	25392.84	26379.84	27565.56
160	25188.24	24968.64	26497.68	25836.72	27643.44	24165.36	24882.24	25408.56	26399.76	27573.84
161	25195.32	24977.52	26506.44	25862.76	27668.52	24178.68	24905.52	25424.28	26419.68	27582.12
162	25202.4	24986.4	26515.2	25888.8	27693.6	24192	24928.8	25440	26439.6	27590.4
163	25209.48	24995.28	26523.96	25914.84	27718.68	24205.32	24952.08	25455.72	26459.52	27598.68
164	25216.56	25004.16	26532.72	25940.88	27743.76	24218.64	24975.36	25471.44	26479.44	27606.96
165	25223.64	25013.04	26541.48	25966.92	27768.84	24231.96	24998.64	25487.16	26499.36	27615.24
166	25230.72	25021.92	26550.24	25992.96	27793.92	24245.28	25021.92	25502.88	26519.28	27623.52
167	25237.8	25030.8	26559	26019	27819	24258.6	25045.2	25518.6	26539.2	27631.8
168	25244.88	25039.68	26567.76	26045.04	27844.08	24271.92	25068.48	25534.32	26559.12	27640.08
169	25251.96	25048.56	26576.52	26071.08	27869.16	24285.24	25091.76	25550.04	26579.04	27648.36
170	25259.04	25057.44	26585.28	26097.12	27894.24	24298.56	25115.04	25565.76	26598.96	27656.64
171	25266.12	25066.32	26594.04	26123.16	27919.32	24311.88	25138.32	25581.48	26618.88	27664.92
172	25273.2	25075.2	26602.8	26149.2	27944.4	24325.2	25161.6	25597.2	26638.8	27673.2
173	25280.28	25084.08	26611.56	26175.24	27969.48	24338.52	25184.88	25612.92	26658.72	27681.48
174	25287.36	25092.96	26620.32	26201.28	27994.56	24351.84	25208.16	25628.64	26678.64	27689.76
175	25294.44	25101.84	26629.08	26227.32	28019.64	24365.16	25231.44	25644.36	26698.56	27698.04
176	25301.52	25110.72	26637.84	26253.36	28044.72	24378.48	25254.72	25660.08	26718.48	27706.32
177	25308.6	25119.6	26646.6	26279.4	28069.8	24391.8	25278	25675.8	26738.4	27714.6
178	25315.68	25128.48	26655.36	26305.44	28094.88	24405.12	25301.28	25691.52	26758.32	27722.88
179	25322.76	25137.36	26664.12	26331.48	28119.96	24418.44	25324.56	25707.24	26778.24	27731.16
180	25329.84	25146.24	26672.88	26357.52	28145.04	24431.76	25347.84	25722.96	26798.16	27739.44
181	25336.92	25155.12	26681.64	26383.56	28170.12	24445.08	25371.12	25738.68	26818.08	27747.72
182	25344	25164	26690.4	26409.6	28195.2	24458.4	25394.4	25754.4	26838	27756
183	25228.335483871	25051.0064516129	26590.8774193548	26305.4322580645	28077.6774193548	24352.0258064516	25288.0258064516	25657.4322580645	26731.7419354839	27657.6387096774
184	25112.6709677419	24938.0129032258	26491.3548387097	26201.264516129	27960.1548387097	24245.6516129032	25181.6516129032	25560.464516129	26625.4838709677	27559.2774193548
185	24997.0064516129	24825.0193548387	26391.8322580645	26097.0967741935	27842.6322580645	24139.2774193548	25075.2774193548	25463.4967741936	26519.2258064516	27460.9161290323
186	24881.3419354839	24712.0258064516	26292.3096774194	25992.9290322581	27725.1096774194	24032.9032258065	24968.9032258065	25366.5290322581	26412.9677419355	27362.5548387097
187	24765.6774193548	24599.0322580645	26192.7870967742	25888.7612903226	27607.5870967742	23926.5290322581	24862.5290322581	25269.5612903226	26306.7096774194	27264.1935483871
188	24650.0129032258	24486.0387096774	26093.264516129	25784.5935483871	27490.064516129	23820.1548387097	24756.1548387097	25172.5935483871	26200.4516129032	27165.8322580645
189	24534.3483870968	24373.0451612903	25993.7419354839	25680.4258064516	27372.5419354839	23713.7806451613	24649.7806451613	25075.6258064516	26094.1935483871	27067.4709677419
190	24418.6838709677	24260.0516129032	25894.2193548387	25576.2580645161	27255.0193548387	23607.4064516129	24543.4064516129	24978.6580645161	25987.935483871	26969.1096774194
191	24303.0193548387	24147.0580645161	25794.6967741936	25472.0903225806	27137.4967741935	23501.0322580645	24437.0322580645	24881.6903225806	25881.6774193548	26870.7483870968
192	24187.3548387097	24034.064516129	25695.1741935484	25367.9225806452	27019.9741935484	23394.6580645161	24330.6580645161	24784.7225806452	25775.4193548387	26772.3870967742
193	24071.6903225806	23921.0709677419	25595.6516129032	25263.7548387097	26902.4516129032	23288.2838709677	24224.2838709677	24687.7548387097	25669.1612903226	26674.0258064516
194	23956.0258064516	23808.0774193548	25496.1290322581	25159.5870967742	26784.9290322581	23181.9096774194	24117.9096774194	24590.7870967742	25562.9032258065	26575.664516129
195	23840.3612903226	23695.0838709677	25396.6064516129	25055.4193548387	26667.4064516129	23075.535483871	24011.535483871	24493.8193548387	25456.6451612903	26477.3032258065
196	23724.6967741935	23582.0903225806	25297.0838709677	24951.2516129032	26549.8838709677	22969.1612903226	23905.1612903226	24396.8516129032	25350.3870967742	26378.9419354839
197	23609.0322580645	23469.0967741935	25197.5612903226	24847.0838709677	26432.3612903226	22862.7870967742	23798.7870967742	24299.8838709677	25244.1290322581	26280.5806451613
198	23493.3677419355	23356.1032258065	25098.0387096774	24742.9161290323	26314.8387096774	22756.4129032258	23692.4129032258	24202.9161290323	25137.8709677419	26182.2193548387
199	23377.7032258065	23243.1096774194	24998.5161290323	24638.7483870968	26197.3161290323	22650.0387096774	23586.0387096774	24105.9483870968	25031.6129032258	26083.8580645161
200	23262.0387096774	23130.1161290323	24898.9935483871	24534.5806451613	26079.7935483871	22543.664516129	23479.664516129	24008.9806451613	24925.3548387097	25985.4967741935
201	23146.3741935484	23017.1225806452	24799.4709677419	24430.4129032258	25962.2709677419	22437.2903225806	23373.2903225806	23912.0129032258	24819.0967741935	25887.135483871
202	23030.7096774194	22904.1290322581	24699.9483870968	24326.2451612903	25844.7483870968	22330.9161290323	23266.9161290323	23815.0451612903	24712.8387096774	25788.7741935484
203	22915.0451612903	22791.135483871	24600.4258064516	24222.0774193548	25727.2258064516	22224.5419354839	23160.5419354839	23718.0774193548	24606.5806451613	25690.4129032258
204	22799.3806451613	22678.1419354839	24500.9032258065	24117.9096774194	25609.7032258065	22118.1677419355	23054.1677419355	23621.1096774194	24500.3225806452	25592.0516129032
205	22683.7161290323	22565.1483870968	24401.3806451613	24013.7419354839	25492.1806451613	22011.7935483871	22947.7935483871	23524.1419354839	24394.064516129	25493.6903225806
206	22568.0516129032	22452.1548387097	24301.8580645161	23909.5741935484	25374.6580645161	21905.4193548387	22841.4193548387	23427.1741935484	24287.8064516129	25395.3290322581
207	22452.3870967742	22339.1612903226	24202.335483871	23805.4064516129	25257.135483871	21799.0451612903	22735.0451612903	23330.2064516129	24181.5483870968	25296.9677419355
208	22336.7225806452	22226.1677419355	24102.8129032258	23701.2387096774	25139.6129032258	21692.6709677419	22628.6709677419	23233.2387096774	24075.2903225806	25198.6064516129
209	22221.0580645161	22113.1741935484	24003.2903225806	23597.0709677419	25022.0903225806	21586.2967741935	22522.2967741935	23136.2709677419	23969.0322580645	25100.2451612903
210	22105.3935483871	22000.1806451613	23903.7677419355	23492.9032258065	24904.5677419355	21479.9225806452	22415.9225806452	23039.3032258065	23862.7741935484	25001.8838709677
211	21989.7290322581	21887.1870967742	23804.2451612903	23388.735483871	24787.0451612903	21373.5483870968	22309.5483870968	22942.335483871	23756.5161290323	24903.5225806452
212	21874.064516129	21774.1935483871	23704.7225806452	23284.5677419355	24669.5225806452	21267.1741935484	22203.1741935484	22845.3677419355	23650.2580645161	24805.1612903226
213	21758.4	21661.2	23605.2	23180.4	24552	21160.8	22096.8	22748.4	23544	24706.8
214	21573.9870967742	21476.2064516129	23411.0322580645	22983.4451612903	24362.8258064516	20981.2967741935	21909.135483871	22545.9870967742	23342.4	24513.0967741935
215	21389.5741935484	21291.2129032258	23216.864516129	22786.4903225806	24173.6516129032	20801.7935483871	21721.4709677419	22343.5741935484	23140.8	24319.3935483871
216	21205.1612903226	21106.2193548387	23022.6967741935	22589.535483871	23984.4774193548	20622.2903225806	21533.8064516129	22141.1612903226	22939.2	24125.6903225806
217	21020.7483870968	20921.2258064516	22828.5290322581	22392.5806451613	23795.3032258065	20442.7870967742	21346.1419354839	21938.7483870968	22737.6	23931.9870967742
218	20836.335483871	20736.2322580645	22634.3612903226	22195.6258064516	23606.1290322581	20263.2838709677	21158.4774193548	21736.335483871	22536	23738.2838709677
219	20651.9225806452	20551.2387096774	22440.1935483871	21998.6709677419	23416.9548387097	20083.7806451613	20970.8129032258	21533.9225806452	22334.4	23544.5806451613
220	20467.5096774194	20366.2451612903	22246.0258064516	21801.7161290323	23227.7806451613	19904.2774193548	20783.1483870968	21331.5096774194	22132.8	23350.8774193548
221	20283.0967741935	20181.2516129032	22051.8580645161	21604.7612903226	23038.6064516129	19724.7741935484	20595.4838709677	21129.0967741935	21931.2	23157.1741935484
222	20098.6838709677	19996.2580645161	21857.6903225806	21407.8064516129	22849.4322580645	19545.2709677419	20407.8193548387	20926.6838709677	21729.6	22963.4709677419
223	19914.2709677419	19811.264516129	21663.5225806452	21210.8516129032	22660.2580645161	19365.7677419355	20220.1548387097	20724.2709677419	21528	22769.7677419355
224	19729.8580645161	19626.2709677419	21469.3548387097	21013.8967741935	22471.0838709677	19186.264516129	20032.4903225806	20521.8580645161	21326.4	22576.064516129
225	19545.4451612903	19441.2774193548	21275.1870967742	20816.9419354839	22281.9096774194	19006.7612903226	19844.8258064516	20319.4451612903	21124.8	22382.3612903226
226	19361.0322580645	19256.2838709677	21081.0193548387	20619.9870967742	22092.735483871	18827.2580645161	19657.1612903226	20117.0322580645	20923.2	22188.6580645161
227	19176.6193548387	19071.2903225806	20886.8516129032	20423.0322580645	21903.5612903226	18647.7548387097	19469.4967741935	19914.6193548387	20721.6	21994.9548387097
228	18992.2064516129	18886.2967741935	20692.6838709677	20226.0774193548	21714.3870967742	18468.2516129032	19281.8322580645	19712.2064516129	20520	21801.2516129032
229	18807.7935483871	18701.3032258065	20498.5161290323	20029.1225806452	21525.2129032258	18288.7483870968	19094.1677419355	19509.7935483871	20318.4	21607.5483870968
230	18623.3806451613	18516.3096774194	20304.3483870968	19832.1677419355	21336.0387096774	18109.2451612903	18906.5032258065	19307.3806451613	20116.8	21413.8451612903
231	18438.9677419355	18331.3161290323	20110.1806451613	19635.2129032258	21146.864516129	17929.7419354839	18718.8387096774	19104.9677419355	19915.2	21220.1419354839
232	18254.5548387097	18146.3225806452	19916.0129032258	19438.2580645161	20957.6903225806	17750.2387096774	18531.1741935484	18902.5548387097	19713.6	21026.4387096774
233	18070.1419354839	17961.3290322581	19721.8451612903	19241.3032258065	20768.5161290323	17570.735483871	18343.5096774194	18700.1419354839	19512	20832.735483871
234	17885.7290322581	17776.335483871	19527.6774193548	19044.3483870968	20579.3419354839	17391.2322580645	18155.8451612903	18497.7290322581	19310.4	20639.0322580645
235	17701.3161290323	17591.3419354839	19333.5096774194	18847.3935483871	20390.1677419355	17211.7290322581	17968.1806451613	18295.3161290323	19108.8	20445.3290322581
236	17516.9032258065	17406.3483870968	19139.3419354839	18650.4387096774	20200.9935483871	17032.2258064516	17780.5161290323	18092.9032258065	18907.2	20251.6258064516
237	17332.4903225806	17221.3548387097	18945.1741935484	18453.4838709677	20011.8193548387	16852.7225806452	17592.8516129032	17890.4903225806	18705.6	20057.9225806452
238	17148.0774193548	17036.3612903226	18751.0064516129	18256.5290322581	19822.6451612903	16673.2193548387	17405.1870967742	17688.0774193548	18504	19864.2193548387
239	16963.664516129	16851.3677419355	18556.8387096774	18059.5741935484	19633.4709677419	16493.7161290323	17217.5225806452	17485.664516129	18302.4	19670.5161290323
240	16779.2516129032	16666.3741935484	18362.6709677419	17862.6193548387	19444.2967741935	16314.2129032258	17029.8580645161	17283.2516129032	18100.8	19476.8129032258
241	16594.8387096774	16481.3806451613	18168.5032258065	17665.664516129	19255.1225806452	16134.7096774194	16842.1935483871	17080.8387096774	17899.2	19283.1096774194
242	16410.4258064516	16296.3870967742	17974.335483871	17468.7096774194	19065.9483870968	15955.2064516129	16654.5290322581	16878.4258064516	17697.6	19089.4064516129
243	16226.0129032258	16111.3935483871	17780.1677419355	17271.7548387097	18876.7741935484	15775.7032258065	16466.864516129	16676.0129032258	17496	18895.7032258065
244	16041.6	15926.4	17586	17074.8	18687.6	15596.2	16279.2	16473.6	17294.4	18702
245	15838.8	15727.08	17402.04	16900.2	18498	15405.6066666667	16087.2	16285.8	17117.52	18535.44
246	15636	15527.76	17218.08	16725.6	18308.4	15215.0133333333	15895.2	16098	16940.64	18368.88
247	15433.2	15328.44	17034.12	16551	18118.8	15024.42	15703.2	15910.2	16763.76	18202.32
248	15230.4	15129.12	16850.16	16376.4	17929.2	14833.8266666667	15511.2	15722.4	16586.88	18035.76
249	15027.6	14929.8	16666.2	16201.8	17739.6	14643.2333333333	15319.2	15534.6	16410	17869.2
250	14824.8	14730.48	16482.24	16027.2	17550	14452.64	15127.2	15346.8	16233.12	17702.64
251	14622	14531.16	16298.28	15852.6	17360.4	14262.0466666667	14935.2	15159	16056.24	17536.08
252	14419.2	14331.84	16114.32	15678	17170.8	14071.4533333333	14743.2	14971.2	15879.36	17369.52
253	14216.4	14132.52	15930.36	15503.4	16981.2	13880.86	14551.2	14783.4	15702.48	17202.96
254	14013.6	13933.2	15746.4	15328.8	16791.6	13690.2666666667	14359.2	14595.6	15525.6	17036.4
255	13810.8	13733.88	15562.44	15154.2	16602	13499.6733333333	14167.2	14407.8	15348.72	16869.84
256	13608	13534.56	15378.48	14979.6	16412.4	13309.08	13975.2	14220	15171.84	16703.28
257	13405.2	13335.24	15194.52	14805	16222.8	13118.4866666667	13783.2	14032.2	14994.96	16536.72
258	13202.4	13135.92	15010.56	14630.4	16033.2	12927.8933333333	13591.2	13844.4	14818.08	16370.16
259	12999.6	12936.6	14826.6	14455.8	15843.6	12737.3	13399.2	13656.6	14641.2	16203.6
260	12796.8	12737.28	14642.64	14281.2	15654	12546.7066666667	13207.2	13468.8	14464.32	16037.04
261	12594	12537.96	14458.68	14106.6	15464.4	12356.1133333333	13015.2	13281	14287.44	15870.48
262	12391.2	12338.64	14274.72	13932	15274.8	12165.52	12823.2	13093.2	14110.56	15703.92
263	12188.4	12139.32	14090.76	13757.4	15085.2	11974.9266666667	12631.2	12905.4	13933.68	15537.36
264	11985.6	11940	13906.8	13582.8	14895.6	11784.3333333333	12439.2	12717.6	13756.8	15370.8
265	11782.8	11740.68	13722.84	13408.2	14706	11593.74	12247.2	12529.8	13579.92	15204.24
266	11580	11541.36	13538.88	13233.6	14516.4	11403.1466666667	12055.2	12342	13403.04	15037.68
267	11377.2	11342.04	13354.92	13059	14326.8	11212.5533333333	11863.2	12154.2	13226.16	14871.12
268	11174.4	11142.72	13170.96	12884.4	14137.2	11021.96	11671.2	11966.4	13049.28	14704.56
269	10971.6	10943.4	12987	12709.8	13947.6	10831.3666666667	11479.2	11778.6	12872.4	14538
270	10768.8	10744.08	12803.04	12535.2	13758	10640.7733333333	11287.2	11590.8	12695.52	14371.44
271	10566	10544.76	12619.08	12360.6	13568.4	10450.18	11095.2	11403	12518.64	14204.88
272	10363.2	10345.44	12435.12	12186	13378.8	10259.5866666667	10903.2	11215.2	12341.76	14038.32
273	10160.4	10146.12	12251.16	12011.4	13189.2	10068.9933333333	10711.2	11027.4	12164.88	13871.76
274	9957.6	9946.8	12067.2	11836.8	12999.6	9878.4	10519.2	10839.6	11988	13705.2
275	9807.44516129032	9809.30322580645	11913.0967741935	11701.1612903226	12870.2322580645	9741.71612903226	10380.1935483871	10714.5290322581	11850.5032258065	13568.6322580645
276	9657.29032258065	9671.8064516129	11758.9935483871	11565.5225806452	12740.864516129	9605.03225806452	10241.1870967742	10589.4580645161	11713.0064516129	13432.064516129
277	9507.13548387097	9534.30967741935	11604.8903225806	11429.8838709677	12611.4967741935	9468.34838709677	10102.1806451613	10464.3870967742	11575.5096774194	13295.4967741935
278	9356.98064516129	9396.81290322581	11450.7870967742	11294.2451612903	12482.1290322581	9331.66451612903	9963.17419354839	10339.3161290323	11438.0129032258	13158.9290322581
279	9206.82580645161	9259.31612903226	11296.6838709677	11158.6064516129	12352.7612903226	9194.98064516129	9824.16774193548	10214.2451612903	11300.5161290323	13022.3612903226
280	9056.67096774193	9121.81935483871	11142.5806451613	11022.9677419355	12223.3935483871	9058.29677419355	9685.16129032258	10089.1741935484	11163.0193548387	12885.7935483871
281	8906.51612903226	8984.32258064516	10988.4774193548	10887.3290322581	12094.0258064516	8921.61290322581	9546.15483870968	9964.10322580645	11025.5225806452	12749.2258064516
282	8756.36129032258	8846.82580645161	10834.3741935484	10751.6903225806	11964.6580645161	8784.92903225806	9407.14838709677	9839.03225806452	10888.0258064516	12612.6580645161
283	8606.2064516129	8709.32903225806	10680.2709677419	10616.0516129032	11835.2903225806	8648.24516129032	9268.14193548387	9713.96129032258	10750.5290322581	12476.0903225806
284	8456.05161290323	8571.83225806452	10526.1677419355	10480.4129032258	11705.9225806452	8511.56129032258	9129.13548387097	9588.89032258065	10613.0322580645	12339.5225806452
285	8305.89677419355	8434.33548387097	10372.064516129	10344.7741935484	11576.5548387097	8374.87741935484	8990.12903225806	9463.81935483871	10475.535483871	12202.9548387097
286	8155.74193548387	8296.83870967742	10217.9612903226	10209.135483871	11447.1870967742	8238.1935483871	8851.12258064516	9338.74838709677	10338.0387096774	12066.3870967742
287	8005.58709677419	8159.34193548387	10063.8580645161	10073.4967741935	11317.8193548387	8101.50967741935	8712.11612903226	9213.67741935484	10200.5419354839	11929.8193548387
288	7855.43225806452	8021.84516129032	9909.75483870968	9937.85806451613	11188.4516129032	7964.82580645161	8573.10967741936	9088.6064516129	10063.0451612903	11793.2516129032
289	7705.27741935484	7884.34838709677	9755.65161290323	9802.21935483871	11059.0838709677	7828.14193548387	8434.10322580645	8963.53548387097	9925.54838709677	11656.6838709677
290	7555.12258064516	7746.85161290323	9601.54838709677	9666.58064516129	10929.7161290323	7691.45806451613	8295.09677419355	8838.46451612903	9788.05161290323	11520.1161290323
291	7404.96774193548	7609.35483870968	9447.44516129032	9530.94193548387	10800.3483870968	7554.77419354839	8156.09032258065	8713.3935483871	9650.55483870968	11383.5483870968
292	7254.81290322581	7471.85806451613	9293.34193548387	9395.30322580645	10670.9806451613	7418.09032258065	8017.08387096774	8588.32258064516	9513.05806451613	11246.9806451613
293	7104.65806451613	7334.36129032258	9139.23870967742	9259.66451612903	10541.6129032258	7281.4064516129	7878.07741935484	8463.25161290323	9375.56129032258	11110.4129032258
294	6954.50322580645	7196.86451612903	8985.13548387097	9124.02580645161	10412.2451612903	7144.72258064516	7739.07096774194	8338.18064516129	9238.06451612903	10973.8451612903
295	6804.34838709677	7059.36774193548	8831.03225806452	8988.38709677419	10282.8774193548	7008.03870967742	7600.06451612903	8213.10967741935	9100.56774193548	10837.2774193548
296	6654.1935483871	6921.87096774194	8676.92903225806	8852.74838709677	10153.5096774194	6871.35483870968	7461.05806451613	8088.03870967742	8963.07096774194	10700.7096774194
297	6504.03870967742	6784.37419354839	8522.82580645161	8717.10967741935	10024.1419354839	6734.67096774193	7322.05161290323	7962.96774193548	8825.57419354839	10564.1419354839
298	6353.88387096774	6646.87741935484	8368.72258064516	8581.47096774193	9894.77419354839	6597.98709677419	7183.04516129032	7837.89677419355	8688.07741935484	10427.5741935484
299	6203.72903225806	6509.38064516129	8214.61935483871	8445.83225806452	9765.4064516129	6461.30322580645	7044.03870967742	7712.82580645161	8550.58064516129	10291.0064516129
300	6053.57419354839	6371.88387096774	8060.51612903226	8310.1935483871	9636.03870967742	6324.61935483871	6905.03225806452	7587.75483870968	8413.08387096774	10154.4387096774
301	5903.41935483871	6234.38709677419	7906.41290322581	8174.55483870968	9506.67096774194	6187.93548387097	6766.02580645161	7462.68387096774	8275.58709677419	10017.8709677419
302	5753.26451612903	6096.89032258065	7752.30967741935	8038.91612903226	9377.30322580645	6051.25161290323	6627.01935483871	7337.61290322581	8138.09032258065	9881.30322580645
303	5603.10967741935	5959.3935483871	7598.2064516129	7903.27741935484	9247.93548387097	5914.56774193548	6488.01290322581	7212.54193548387	8000.5935483871	9744.73548387097
304	5452.95483870968	5821.89677419355	7444.10322580645	7767.63870967742	9118.56774193549	5777.88387096774	6349.0064516129	7087.47096774194	7863.09677419355	9608.16774193548
305	5302.8	5684.4	7290	7632	8989.2	5641.2	6210	6962.4	7725.6	9471.6
306	5250.24	5642.04	7241.28	7589.88	8943.84	5592	6150.96	6919.32	7681.8	9411.12
307	5197.68	5599.68	7192.56	7547.76	8898.48	5542.8	6091.92	6876.24	7638	9350.64
308	5145.12	5557.32	7143.84	7505.64	8853.12	5493.6	6032.88	6833.16	7594.2	9290.16
309	5092.56	5514.96	7095.12	7463.52	8807.76	5444.4	5973.84	6790.08	7550.4	9229.68
310	5040	5472.6	7046.4	7421.4	8762.4	5395.2	5914.8	6747	7506.6	9169.2
311	4987.44	5430.24	6997.68	7379.28	8717.04	5346	5855.76	6703.92	7462.8	9108.72
312	4934.88	5387.88	6948.96	7337.16	8671.68	5296.8	5796.72	6660.84	7419	9048.24
313	4882.32	5345.52	6900.24	7295.04	8626.32	5247.6	5737.68	6617.76	7375.2	8987.76
314	4829.76	5303.16	6851.52	7252.92	8580.96	5198.4	5678.64	6574.68	7331.4	8927.28
315	4777.2	5260.8	6802.8	7210.8	8535.6	5149.2	5619.6	6531.6	7287.6	8866.8
316	4724.64	5218.44	6754.08	7168.68	8490.24	5100	5560.56	6488.52	7243.8	8806.32
317	4672.08	5176.08	6705.36	7126.56	8444.88	5050.8	5501.52	6445.44	7200	8745.84
318	4619.52	5133.72	6656.64	7084.44	8399.52	5001.6	5442.48	6402.36	7156.2	8685.36
319	4566.96	5091.36	6607.92	7042.32	8354.16	4952.4	5383.44	6359.28	7112.4	8624.88
320	4514.4	5049	6559.2	7000.2	8308.8	4903.2	5324.4	6316.2	7068.6	8564.4
321	4461.84	5006.64	6510.48	6958.08	8263.44	4854	5265.36	6273.12	7024.8	8503.92
322	4409.28	4964.28	6461.76	6915.96	8218.08	4804.8	5206.32	6230.04	6981	8443.44
323	4356.72	4921.92	6413.04	6873.84	8172.72	4755.6	5147.28	6186.96	6937.2	8382.96
324	4304.16	4879.56	6364.32	6831.72	8127.36	4706.4	5088.24	6143.88	6893.4	8322.48
325	4251.6	4837.2	6315.6	6789.6	8082	4657.2	5029.2	6100.8	6849.6	8262
326	4199.04	4794.84	6266.88	6747.48	8036.64	4608	4970.16	6057.72	6805.8	8201.52
327	4146.48	4752.48	6218.16	6705.36	7991.28	4558.8	4911.12	6014.64	6762	8141.04
328	4093.92	4710.12	6169.44	6663.24	7945.92	4509.6	4852.08	5971.56	6718.2	8080.56
329	4041.36	4667.76	6120.72	6621.12	7900.56	4460.4	4793.04	5928.48	6674.4	8020.08
330	3988.8	4625.4	6072	6579	7855.2	4411.2	4734	5885.4	6630.6	7959.6
331	3936.24	4583.04	6023.28	6536.88	7809.84	4362	4674.96	5842.32	6586.8	7899.12
332	3883.68	4540.68	5974.56	6494.76	7764.48	4312.8	4615.92	5799.24	6543	7838.64
333	3831.12	4498.32	5925.84	6452.64	7719.12	4263.6	4556.88	5756.16	6499.2	7778.16
334	3778.56	4455.96	5877.12	6410.52	7673.76	4214.4	4497.84	5713.08	6455.4	7717.68
335	3726	4413.6	5828.4	6368.4	7628.4	4165.2	4438.8	5670	6411.6	7657.2
336	3762.69677419355	4438.68387096774	5850.23225806452	6389.61935483871	7648.6064516129	4202.36129032258	4477.12258064516	5690.67096774194	6441.21290322581	7690.18064516129
337	3799.3935483871	4463.76774193548	5872.06451612903	6410.83870967742	7668.81290322581	4239.52258064516	4515.44516129032	5711.34193548387	6470.82580645161	7723.16129032258
338	3836.09032258065	4488.85161290323	5893.89677419355	6432.05806451613	7689.01935483871	4276.68387096774	4553.76774193548	5732.01290322581	6500.43870967742	7756.14193548387
339	3872.78709677419	4513.93548387097	5915.72903225806	6453.27741935484	7709.22580645161	4313.84516129032	4592.09032258065	5752.68387096774	6530.05161290323	7789.12258064516
340	3909.48387096774	4539.01935483871	5937.56129032258	6474.49677419355	7729.43225806452	4351.0064516129	4630.41290322581	5773.35483870968	6559.66451612903	7822.10322580645
341	3946.18064516129	4564.10322580645	5959.3935483871	6495.71612903226	7749.63870967742	4388.16774193548	4668.73548387097	5794.02580645161	6589.27741935484	7855.08387096774
342	3982.87741935484	4589.18709677419	5981.22580645161	6516.93548387097	7769.84516129032	4425.32903225806	4707.05806451613	5814.69677419355	6618.89032258065	7888.06451612903
343	4019.57419354839	4614.27096774194	6003.05806451613	6538.15483870968	7790.05161290323	4462.49032258064	4745.38064516129	5835.36774193548	6648.50322580645	7921.04516129032
344	4056.27096774194	4639.35483870968	6024.89032258065	6559.37419354839	7810.25806451613	4499.65161290323	4783.70322580645	5856.03870967742	6678.11612903226	7954.02580645161
345	4092.96774193548	4664.43870967742	6046.72258064516	6580.5935483871	7830.46451612903	4536.81290322581	4822.02580645161	5876.70967741936	6707.72903225806	7987.0064516129
346	4129.66451612903	4689.52258064516	6068.55483870968	6601.81290322581	7850.67096774193	4573.97419354839	4860.34838709677	5897.38064516129	6737.34193548387	8019.98709677419
347	4166.36129032258	4714.6064516129	6090.38709677419	6623.03225806452	7870.87741935484	4611.13548387097	4898.67096774194	5918.05161290323	6766.95483870968	8052.96774193548
348	4203.05806451613	4739.69032258065	6112.21935483871	6644.25161290323	7891.08387096774	4648.29677419355	4936.9935483871	5938.72258064516	6796.56774193548	8085.94838709677
349	4239.75483870968	4764.77419354839	6134.05161290323	6665.47096774194	7911.29032258064	4685.45806451613	4975.31612903226	5959.3935483871	6826.18064516129	8118.92903225806
350	4276.45161290323	4789.85806451613	6155.88387096774	6686.69032258064	7931.49677419355	4722.61935483871	5013.63870967742	5980.06451612903	6855.7935483871	8151.90967741935
351	4313.14838709677	4814.94193548387	6177.71612903226	6707.90967741935	7951.70322580645	4759.78064516129	5051.96129032258	6000.73548387097	6885.4064516129	8184.89032258065
352	4349.84516129032	4840.02580645161	6199.54838709677	6729.12903225806	7971.90967741935	4796.94193548387	5090.28387096774	6021.4064516129	6915.01935483871	8217.87096774194
353	4386.54193548387	4865.10967741935	6221.38064516129	6750.34838709677	7992.11612903226	4834.10322580645	5128.6064516129	6042.07741935484	6944.63225806452	8250.85161290323
354	4423.23870967742	4890.1935483871	6243.21290322581	6771.56774193548	8012.32258064516	4871.26451612903	5166.92903225806	6062.74838709677	6974.24516129032	8283.83225806452
355	4459.93548387097	4915.27741935484	6265.04516129032	6792.78709677419	8032.52903225806	4908.42580645161	5205.25161290323	6083.41935483871	7003.85806451613	8316.81290322581
356	4496.63225806452	4940.36129032258	6286.87741935484	6814.0064516129	8052.73548387097	4945.58709677419	5243.57419354839	6104.09032258065	7033.47096774194	8349.7935483871
357	4533.32903225807	4965.44516129032	6308.70967741935	6835.22580645161	8072.94193548387	4982.74838709677	5281.89677419355	6124.76129032258	7063.08387096774	8382.77419354839
358	4570.02580645161	4990.52903225806	6330.54193548387	6856.44516129032	8093.14838709677	5019.90967741935	5320.21935483871	6145.43225806452	7092.69677419355	8415.75483870968
359	4606.72258064516	5015.61290322581	6352.37419354839	6877.66451612903	8113.35483870968	5057.07096774194	5358.54193548387	6166.10322580645	7122.30967741936	8448.73548387097
360	4643.41935483871	5040.69677419355	6374.2064516129	6898.88387096774	8133.56129032258	5094.23225806452	5396.86451612903	6186.77419354839	7151.92258064516	8481.71612903226
361	4680.11612903226	5065.78064516129	6396.03870967742	6920.10322580645	8153.76774193548	5131.3935483871	5435.18709677419	6207.44516129032	7181.53548387097	8514.69677419355
362	4716.81290322581	5090.86451612903	6417.87096774194	6941.32258064516	8173.97419354839	5168.55483870968	5473.50967741936	6228.11612903226	7211.14838709677	8547.67741935484
363	4753.50967741936	5115.94838709677	6439.70322580645	6962.54193548387	8194.18064516129	5205.71612903226	5511.83225806452	6248.78709677419	7240.76129032258	8580.65806451613
364	4790.2064516129	5141.03225806452	6461.53548387097	6983.76129032258	8214.38709677419	5242.87741935484	5550.15483870968	6269.45806451613	7270.37419354839	8613.63870967742
365	4826.90322580645	5166.11612903226	6483.36774193548	7004.98064516129	8234.5935483871	5280.03870967742	5588.47741935484	6290.12903225806	7299.98709677419	8646.61935483871
